"","this_week_posts","this_week_perc_change","this_week_volume","this_week_polarity","this_week_subjectivity","last_week_posts","last_week_polarity","last_week_subject"
"this_week_posts",1,0.27,0.75,-0.02,-0.26,0.6,-0.15,-0.19
"this_week_perc_change",0.27,1,0.61,0.03,-0.3,-0.18,-0.32,0.19
"this_week_volume",0.75,0.61,1,0.03,-0.33,0.38,-0.12,-0.03
"this_week_polarity",-0.02,0.03,0.03,1,0.6,-0.01,0.15,0.27
"this_week_subjectivity",-0.26,-0.3,-0.33,0.6,1,-0.18,0.12,0.15
"last_week_posts",0.6,-0.18,0.38,-0.01,-0.18,1,-0.05,-0.24
"last_week_polarity",-0.15,-0.32,-0.12,0.15,0.12,-0.05,1,0.57
"last_week_subject",-0.19,0.19,-0.03,0.27,0.15,-0.24,0.57,1
